0.5  3.1701E-03
1.0  5.6278E-01
1.5  8.7325E-01
2.0  1.3237E+00
5.0  3.6510E+00
7.0  4.6799E+00
10.0  5.7810E+00
15.0  7.9079E+00
23.0  9.6156E+00
32.0  1.0683E+01
52.0  1.1406E+01
74.0  1.2964E+01
100.0  1.5871E+01
165.0  1.8170E+01
235.0  1.8665E+01
310.0  1.9015E+01
390.0  1.9414E+01
475.0  1.9937E+01
655.0  2.1377E+01
845.0  2.3138E+01
1000.0  2.4574E+01
1441.0  2.8394E+01
1925.0  3.3057E+01
2454.0  3.5343E+01
3030.0  3.6116E+01
3655.0  3.6557E+01
4331.0  3.6936E+01
5060.0  3.7360E+01
5844.0  3.7906E+01
6685.0  3.8621E+01
7585.0  3.9483E+01
8546.0  4.0383E+01
10000.0  4.1498E+01
20000.0  4.4049E+01
50000.0  4.5104E+01
100000.0  4.5645E+01