0.5  3.8650E-03
1.0  7.2558E-01
1.5  9.4349E-01
2.0  1.1191E+00
5.0  2.9107E+00
7.0  2.9894E+00
10.0  3.5824E+00
15.0  4.6263E+00
23.0  5.7963E+00
32.0  6.5971E+00
52.0  7.9209E+00
74.0  8.7025E+00
100.0  9.4730E+00
165.0  1.0763E+01
235.0  1.0936E+01
310.0  1.0980E+01
390.0  1.1032E+01
475.0  1.1137E+01
655.0  1.1520E+01
845.0  1.1972E+01
1000.0  1.2258E+01
1441.0  1.2672E+01
1925.0  1.2828E+01
2454.0  1.2895E+01
3030.0  1.2929E+01
3655.0  1.2949E+01
4331.0  1.2961E+01
5060.0  1.2970E+01
5844.0  1.2975E+01
6685.0  1.2980E+01
7585.0  1.2983E+01
8546.0  1.2986E+01
10000.0  1.2988E+01
20000.0  1.2995E+01
50000.0  1.2998E+01
100000.0  1.2999E+01