0.5  1.2923E-04
1.0  7.4600E-01
1.5  9.9714E-01
2.0  1.0431E+00
5.0  3.5941E+00
7.0  4.9151E+00
10.0  6.3765E+00
15.0  7.9994E+00
23.0  1.0272E+01
32.0  1.7762E+01
52.0  1.7986E+01
74.0  1.7990E+01
100.0  1.8012E+01
165.0  1.8720E+01
235.0  2.0661E+01
310.0  2.2154E+01
390.0  2.3522E+01
475.0  2.4886E+01
655.0  2.7586E+01
845.0  3.0129E+01
1000.0  3.1772E+01
1441.0  4.0522E+01
1925.0  4.8682E+01
2454.0  4.9551E+01
3030.0  4.9841E+01
3655.0  5.0060E+01
4331.0  5.0313E+01
5060.0  5.0676E+01
5844.0  5.1268E+01
6685.0  5.2290E+01
7585.0  5.3970E+01
8546.0  5.6294E+01
10000.0  5.9783E+01
20000.0  6.7476E+01
50000.0  7.1892E+01
100000.0  7.4182E+01