0.5  2.4198E-06
1.0  6.4916E-03
1.5  3.1884E-01
2.0  1.3683E+00
5.0  3.7443E+00
7.0  4.7017E+00
10.0  5.7927E+00
15.0  7.0415E+00
23.0  8.3152E+00
32.0  9.3361E+00
52.0  1.0588E+01
74.0  1.1104E+01
100.0  1.1729E+01
165.0  1.3592E+01
235.0  1.5901E+01
310.0  1.7628E+01
390.0  1.8274E+01
475.0  1.8563E+01
655.0  1.8907E+01
845.0  1.9251E+01
1000.0  1.9609E+01
1441.0  2.1218E+01
1925.0  2.3548E+01
2454.0  2.5327E+01
3030.0  2.6161E+01
3655.0  2.6535E+01
4331.0  2.6738E+01
5060.0  2.6874E+01
5844.0  2.6983E+01
6685.0  2.7086E+01
7585.0  2.7190E+01
8546.0  2.7297E+01
10000.0  2.7452E+01
20000.0  2.8182E+01
50000.0  2.8724E+01
100000.0  2.8875E+01