0.5  2.4790E-03
1.0  9.8197E-01
1.5  1.1531E+00
2.0  1.5799E+00
5.0  4.6208E+00
7.0  5.7455E+00
10.0  5.9880E+00
15.0  1.2850E+01
23.0  1.2994E+01
32.0  1.2997E+01
52.0  1.3010E+01
74.0  1.3240E+01
100.0  1.4537E+01
165.0  1.7199E+01
235.0  1.9291E+01
310.0  2.1182E+01
390.0  2.2919E+01
475.0  2.4549E+01
655.0  2.6964E+01
845.0  2.9094E+01
1000.0  3.2462E+01
1441.0  4.3637E+01
1925.0  4.4962E+01
2454.0  4.5364E+01
3030.0  4.5683E+01
3655.0  4.6044E+01
4331.0  4.6556E+01
5060.0  4.7398E+01
5844.0  4.8833E+01
6685.0  5.1003E+01
7585.0  5.3602E+01
8546.0  5.6126E+01
10000.0  5.8885E+01
20000.0  6.3583E+01
50000.0  6.8076E+01
100000.0  6.9890E+01