0.5  6.6987E-05
1.0  4.3322E-01
1.5  9.8100E-01
2.0  1.0225E+00
5.0  3.1307E+00
7.0  4.6873E+00
10.0  5.7553E+00
15.0  8.7215E+00
23.0  1.2941E+01
32.0  1.3032E+01
52.0  1.6462E+01
74.0  1.8037E+01
100.0  1.9364E+01
165.0  2.1580E+01
235.0  2.3234E+01
310.0  2.4634E+01
390.0  2.5795E+01
475.0  2.6670E+01
655.0  2.7988E+01
845.0  2.9976E+01
1000.0  3.3336E+01
1441.0  4.3671E+01
1925.0  4.4966E+01
2454.0  4.5366E+01
3030.0  4.5686E+01
3655.0  4.6049E+01
4331.0  4.6564E+01
5060.0  4.7410E+01
5844.0  4.8851E+01
6685.0  5.1025E+01
7585.0  5.3623E+01
8546.0  5.6142E+01
10000.0  5.8895E+01
20000.0  6.3585E+01
50000.0  6.8077E+01
100000.0  6.9884E+01