0.5  3.2966E-04
1.0  8.4798E-01
1.5  1.0182E+00
2.0  1.1369E+00
5.0  4.3008E+00
7.0  5.5714E+00
10.0  5.9737E+00
15.0  1.2625E+01
23.0  1.2991E+01
32.0  1.2996E+01
52.0  1.3502E+01
74.0  1.5870E+01
100.0  1.6963E+01
165.0  1.8957E+01
235.0  2.0632E+01
310.0  2.2152E+01
390.0  2.3629E+01
475.0  2.5037E+01
655.0  2.7147E+01
845.0  2.9208E+01
1000.0  3.2569E+01
1441.0  4.3643E+01
1925.0  4.4963E+01
2454.0  4.5364E+01
3030.0  4.5684E+01
3655.0  4.6045E+01
4331.0  4.6558E+01
5060.0  4.7400E+01
5844.0  4.8836E+01
6685.0  5.1007E+01
7585.0  5.3606E+01
8546.0  5.6130E+01
10000.0  5.8887E+01
20000.0  6.3583E+01
50000.0  6.8077E+01
100000.0  6.9889E+01